{
   "clean_acc": 94.41999816894531,
   "bd_acc": 99.63999938964844,
   "cross_acc": 92.64999389648438
}
